Last login: Sun Dec  6 22:26:45 on ttys000
(base) adamkratch@MacBook-Pro ArtsNCrafts % python FP_TweetMiner_AAPL.py 
(124.2249984741211, 31.0, 16.0, datetime.datetime(2020, 12, 7, 9, 52, 25, 709794))
(124.18000030517578, 32.0, 13.0, datetime.datetime(2020, 12, 7, 9, 53, 26, 736195))
(124.18470001220703, 33.0, 12.0, datetime.datetime(2020, 12, 7, 9, 54, 27, 583236))
(124.32749938964844, 32.0, 11.0, datetime.datetime(2020, 12, 7, 9, 55, 28, 518380))
(124.43499755859375, 32.0, 12.0, datetime.datetime(2020, 12, 7, 9, 56, 29, 372821))
(124.45590209960938, 32.0, 12.0, datetime.datetime(2020, 12, 7, 9, 57, 30, 300683))
(124.3499984741211, 31.0, 16.0, datetime.datetime(2020, 12, 7, 9, 58, 31, 228062))
(124.45999908447266, 31.0, 15.0, datetime.datetime(2020, 12, 7, 9, 59, 32, 300596))
(124.51740264892578, 30.0, 17.0, datetime.datetime(2020, 12, 7, 10, 0, 33, 146679))
(124.45999908447266, 31.0, 17.0, datetime.datetime(2020, 12, 7, 10, 1, 34, 58740))
(124.37999725341797, 33.0, 17.0, datetime.datetime(2020, 12, 7, 10, 2, 35, 45405))
(124.08820343017578, 33.0, 20.0, datetime.datetime(2020, 12, 7, 10, 3, 35, 899910))
(124.19000244140625, 35.0, 20.0, datetime.datetime(2020, 12, 7, 10, 4, 36, 828989))
(124.3917007446289, 40.0, 20.0, datetime.datetime(2020, 12, 7, 10, 5, 37, 854640))
(124.31999969482422, 37.37373737373738, 21.21212121212121, datetime.datetime(2020, 12, 7, 10, 6, 39, 7560))
(124.33059692382812, 37.37373737373738, 24.242424242424242, datetime.datetime(2020, 12, 7, 10, 7, 39, 924960))
(124.25, 37.37373737373738, 25.252525252525253, datetime.datetime(2020, 12, 7, 10, 8, 40, 976205))
(124.16500091552734, 36.36363636363637, 26.262626262626263, datetime.datetime(2020, 12, 7, 10, 9, 41, 917656))
(124.09989929199219, 36.0, 25.0, datetime.datetime(2020, 12, 7, 10, 10, 42, 939017))
(123.99520111083984, 35.0, 27.0, datetime.datetime(2020, 12, 7, 10, 11, 43, 942788))
(124.19930267333984, 34.375, 28.125, datetime.datetime(2020, 12, 7, 10, 12, 44, 977906))
(124.22799682617188, 34.02061855670103, 27.835051546391753, datetime.datetime(2020, 12, 7, 10, 13, 45, 859773))
(124.20999908447266, 37.755102040816325, 25.510204081632654, datetime.datetime(2020, 12, 7, 10, 14, 46, 928633))
(124.25499725341797, 36.734693877551024, 22.448979591836736, datetime.datetime(2020, 12, 7, 10, 15, 48, 940369))
(124.23500061035156, 31.0, 19.0, datetime.datetime(2020, 12, 7, 10, 16, 50, 155054))
(123.9800033569336, 27.0, 21.0, datetime.datetime(2020, 12, 7, 10, 17, 51, 176359))
(123.95500183105469, 27.0, 20.0, datetime.datetime(2020, 12, 7, 10, 18, 52, 159483))
(123.875, 28.0, 16.0, datetime.datetime(2020, 12, 7, 10, 19, 53, 64378))
(123.93000030517578, 27.0, 16.0, datetime.datetime(2020, 12, 7, 10, 20, 54, 129799))
(123.75, 27.0, 15.0, datetime.datetime(2020, 12, 7, 10, 21, 55, 238619))
(123.80549621582031, 27.0, 15.0, datetime.datetime(2020, 12, 7, 10, 22, 56, 56493))
(123.9000015258789, 28.0, 15.0, datetime.datetime(2020, 12, 7, 10, 23, 57, 152554))
(123.91999816894531, 27.272727272727273, 15.151515151515152, datetime.datetime(2020, 12, 7, 10, 24, 58, 145755))
(123.81079864501953, 29.166666666666668, 14.583333333333334, datetime.datetime(2020, 12, 7, 10, 25, 59, 112276))
(123.91999816894531, 28.88888888888889, 16.666666666666668, datetime.datetime(2020, 12, 7, 10, 27, 0, 26833))
(123.9800033569336, 28.048780487804876, 18.29268292682927, datetime.datetime(2020, 12, 7, 10, 28, 1, 59199))
(123.9800033569336, 31.16883116883117, 19.48051948051948, datetime.datetime(2020, 12, 7, 10, 29, 1, 898870))
(123.84500122070312, 29.166666666666668, 18.055555555555557, datetime.datetime(2020, 12, 7, 10, 30, 2, 769365))
(123.81500244140625, 32.30769230769231, 13.846153846153847, datetime.datetime(2020, 12, 7, 10, 31, 3, 592082))
(123.9000015258789, 31.746031746031747, 15.873015873015873, datetime.datetime(2020, 12, 7, 10, 32, 4, 512916))
(124.02999877929688, 32.8125, 17.1875, datetime.datetime(2020, 12, 7, 10, 33, 5, 401428))
(124.08399963378906, 35.9375, 14.0625, datetime.datetime(2020, 12, 7, 10, 34, 6, 287859))
(124.0199966430664, 33.84615384615385, 13.846153846153847, datetime.datetime(2020, 12, 7, 10, 35, 7, 186830))
(123.96949768066406, 32.857142857142854, 12.857142857142858, datetime.datetime(2020, 12, 7, 10, 36, 7, 993665))
(123.95999908447266, 33.333333333333336, 12.5, datetime.datetime(2020, 12, 7, 10, 37, 8, 871408))
(123.99500274658203, 34.24657534246575, 10.95890410958904, datetime.datetime(2020, 12, 7, 10, 38, 9, 783327))
(123.97589874267578, 35.13513513513514, 10.81081081081081, datetime.datetime(2020, 12, 7, 10, 39, 10, 616411))
(123.83000183105469, 33.76623376623377, 10.38961038961039, datetime.datetime(2020, 12, 7, 10, 40, 11, 609972))
(123.80500030517578, 32.467532467532465, 9.090909090909092, datetime.datetime(2020, 12, 7, 10, 41, 12, 543857))
(123.85420227050781, 31.25, 11.25, datetime.datetime(2020, 12, 7, 10, 42, 13, 521727))
(123.9800033569336, 29.761904761904763, 13.095238095238095, datetime.datetime(2020, 12, 7, 10, 43, 14, 468663))
(123.94999694824219, 30.58823529411765, 11.764705882352942, datetime.datetime(2020, 12, 7, 10, 44, 15, 362237))
(123.95999908447266, 29.885057471264368, 11.494252873563218, datetime.datetime(2020, 12, 7, 10, 45, 16, 401673))
(123.88500213623047, 31.11111111111111, 11.11111111111111, datetime.datetime(2020, 12, 7, 10, 46, 17, 241788))
(123.93000030517578, 32.608695652173914, 10.869565217391305, datetime.datetime(2020, 12, 7, 10, 47, 18, 348264))
(123.94999694824219, 35.05154639175258, 10.309278350515465, datetime.datetime(2020, 12, 7, 10, 48, 19, 254315))
(124.01000213623047, 35.05154639175258, 10.309278350515465, datetime.datetime(2020, 12, 7, 10, 49, 20, 134446))
(124.17070007324219, 35.0, 12.0, datetime.datetime(2020, 12, 7, 10, 50, 21, 37915))
(124.0999984741211, 35.0, 13.0, datetime.datetime(2020, 12, 7, 10, 51, 21, 894181))
(124.19499969482422, 37.0, 14.0, datetime.datetime(2020, 12, 7, 10, 52, 22, 947199))
(124.08499908447266, 36.0, 15.0, datetime.datetime(2020, 12, 7, 10, 53, 23, 820962))
(124.04000091552734, 37.0, 14.0, datetime.datetime(2020, 12, 7, 10, 54, 25, 123915))
(124.02999877929688, 36.0, 14.0, datetime.datetime(2020, 12, 7, 10, 55, 26, 159357))
(124.05999755859375, 39.0, 13.0, datetime.datetime(2020, 12, 7, 10, 56, 27, 262891))
(124.18080139160156, 39.0, 13.0, datetime.datetime(2020, 12, 7, 10, 57, 28, 346952))
(124.18000030517578, 39.0, 13.0, datetime.datetime(2020, 12, 7, 10, 58, 29, 267970))
(124.0468978881836, 39.0, 12.0, datetime.datetime(2020, 12, 7, 10, 59, 30, 229719))
(123.98999786376953, 39.0, 12.0, datetime.datetime(2020, 12, 7, 11, 0, 31, 399944))
(123.90409851074219, 38.0, 14.0, datetime.datetime(2020, 12, 7, 11, 1, 32, 397516))
(123.88200378417969, 40.0, 14.0, datetime.datetime(2020, 12, 7, 11, 2, 33, 359894))
(123.81999969482422, 39.0, 15.0, datetime.datetime(2020, 12, 7, 11, 3, 34, 351124))
(123.80000305175781, 39.0, 15.0, datetime.datetime(2020, 12, 7, 11, 4, 35, 502769))
(124.09500122070312, 38.0, 16.0, datetime.datetime(2020, 12, 7, 11, 5, 36, 555316))
(123.95500183105469, 40.0, 17.0, datetime.datetime(2020, 12, 7, 11, 6, 37, 590119))
(123.90499877929688, 39.0, 16.0, datetime.datetime(2020, 12, 7, 11, 7, 38, 618559))
(123.94000244140625, 39.0, 15.0, datetime.datetime(2020, 12, 7, 11, 8, 39, 594453))
(124.08499908447266, 39.0, 15.0, datetime.datetime(2020, 12, 7, 11, 9, 40, 612035))
(124.13410186767578, 40.0, 15.0, datetime.datetime(2020, 12, 7, 11, 10, 41, 651664))
(124.125, 39.0, 15.0, datetime.datetime(2020, 12, 7, 11, 11, 42, 528718))
(124.22740173339844, 37.0, 16.0, datetime.datetime(2020, 12, 7, 11, 12, 43, 503116))
(124.30999755859375, 35.0, 16.0, datetime.datetime(2020, 12, 7, 11, 13, 44, 477757))
(124.32990264892578, 36.0, 17.0, datetime.datetime(2020, 12, 7, 11, 14, 45, 548236))
(124.3499984741211, 35.0, 16.0, datetime.datetime(2020, 12, 7, 11, 15, 46, 561587))
(124.26360321044922, 35.0, 15.0, datetime.datetime(2020, 12, 7, 11, 16, 47, 508505))
(124.19999694824219, 36.0, 14.0, datetime.datetime(2020, 12, 7, 11, 17, 48, 412209))
(124.31999969482422, 36.0, 14.0, datetime.datetime(2020, 12, 7, 11, 18, 49, 463052))
(124.28990173339844, 36.0, 14.0, datetime.datetime(2020, 12, 7, 11, 19, 50, 552073))
(124.26349639892578, 36.0, 13.0, datetime.datetime(2020, 12, 7, 11, 20, 51, 537792))
(124.30999755859375, 36.0, 13.0, datetime.datetime(2020, 12, 7, 11, 21, 52, 472541))
(124.2865982055664, 35.0, 13.0, datetime.datetime(2020, 12, 7, 11, 22, 53, 374769))
(124.16590118408203, 33.0, 14.0, datetime.datetime(2020, 12, 7, 11, 23, 54, 404963))
(124.19000244140625, 32.0, 15.0, datetime.datetime(2020, 12, 7, 11, 24, 55, 552857))
(124.08499908447266, 32.0, 17.0, datetime.datetime(2020, 12, 7, 11, 25, 56, 446243))
(124.0199966430664, 32.0, 18.0, datetime.datetime(2020, 12, 7, 11, 26, 57, 513980))
(124.106201171875, 33.0, 17.0, datetime.datetime(2020, 12, 7, 11, 27, 58, 558415))
(124.11000061035156, 32.0, 17.0, datetime.datetime(2020, 12, 7, 11, 28, 59, 620665))
(124.13990020751953, 31.0, 17.0, datetime.datetime(2020, 12, 7, 11, 30, 0, 703460))
(124.0780029296875, 30.0, 16.0, datetime.datetime(2020, 12, 7, 11, 31, 1, 690989))
(124.125, 32.0, 16.0, datetime.datetime(2020, 12, 7, 11, 32, 2, 788126))
(124.1449966430664, 30.0, 17.0, datetime.datetime(2020, 12, 7, 11, 33, 3, 773078))
(124.08000183105469, 30.0, 17.0, datetime.datetime(2020, 12, 7, 11, 34, 4, 910893))
(124.114501953125, 29.0, 17.0, datetime.datetime(2020, 12, 7, 11, 35, 5, 933880))
(124.1458969116211, 31.0, 16.0, datetime.datetime(2020, 12, 7, 11, 36, 7, 128026))
(124.12000274658203, 33.0, 16.0, datetime.datetime(2020, 12, 7, 11, 37, 8, 66028))
(124.16500091552734, 34.0, 16.0, datetime.datetime(2020, 12, 7, 11, 38, 9, 165705))
(124.16999816894531, 32.0, 16.0, datetime.datetime(2020, 12, 7, 11, 39, 10, 175382))
(124.1449966430664, 30.0, 17.0, datetime.datetime(2020, 12, 7, 11, 40, 11, 238666))
(124.15570068359375, 32.0, 18.0, datetime.datetime(2020, 12, 7, 11, 41, 12, 218202))
(124.2249984741211, 31.0, 18.0, datetime.datetime(2020, 12, 7, 11, 42, 13, 270777))
(124.26599884033203, 30.0, 19.0, datetime.datetime(2020, 12, 7, 11, 43, 14, 103420))
(124.2249984741211, 32.0, 18.0, datetime.datetime(2020, 12, 7, 11, 44, 15, 67734))
(124.23999786376953, 33.0, 18.0, datetime.datetime(2020, 12, 7, 11, 45, 16, 59033))
(124.30069732666016, 33.0, 17.0, datetime.datetime(2020, 12, 7, 11, 46, 17, 14528))
(124.32430267333984, 32.0, 17.0, datetime.datetime(2020, 12, 7, 11, 47, 18, 87830))
(124.283203125, 32.0, 16.0, datetime.datetime(2020, 12, 7, 11, 48, 19, 104730))
(124.279296875, 32.0, 14.0, datetime.datetime(2020, 12, 7, 11, 49, 20, 63759))
(124.279296875, 32.0, 13.0, datetime.datetime(2020, 12, 7, 11, 50, 21, 226241))
(124.25499725341797, 36.36363636363637, 13.131313131313131, datetime.datetime(2020, 12, 7, 11, 51, 22, 244179))
(124.26000213623047, 39.39393939393939, 12.121212121212121, datetime.datetime(2020, 12, 7, 11, 52, 23, 316647))
(124.1707992553711, 40.4040404040404, 11.11111111111111, datetime.datetime(2020, 12, 7, 11, 53, 24, 352686))
(124.16840362548828, 40.4040404040404, 11.11111111111111, datetime.datetime(2020, 12, 7, 11, 54, 25, 428114))
(124.15499877929688, 40.4040404040404, 10.1010101010101, datetime.datetime(2020, 12, 7, 11, 55, 26, 377812))
(124.08499908447266, 41.41414141414141, 10.1010101010101, datetime.datetime(2020, 12, 7, 11, 56, 27, 409087))
(124.11009979248047, 41.41414141414141, 11.11111111111111, datetime.datetime(2020, 12, 7, 11, 57, 28, 408372))
(124.1050033569336, 40.4040404040404, 11.11111111111111, datetime.datetime(2020, 12, 7, 11, 58, 29, 454397))
(124.17990112304688, 39.39393939393939, 11.11111111111111, datetime.datetime(2020, 12, 7, 11, 59, 30, 580353))
(123.90619659423828, 44.44444444444444, 9.090909090909092, datetime.datetime(2020, 12, 7, 12, 0, 31, 719909))
(123.94999694824219, 42.42424242424242, 7.070707070707071, datetime.datetime(2020, 12, 7, 12, 1, 32, 747038))
(123.94000244140625, 42.42424242424242, 7.070707070707071, datetime.datetime(2020, 12, 7, 12, 2, 33, 770437))
(123.92569732666016, 41.41414141414141, 6.0606060606060606, datetime.datetime(2020, 12, 7, 12, 3, 34, 843615))
(123.8949966430664, 39.39393939393939, 7.070707070707071, datetime.datetime(2020, 12, 7, 12, 4, 35, 979560))
(123.89340209960938, 38.38383838383838, 7.070707070707071, datetime.datetime(2020, 12, 7, 12, 5, 37, 81428))
(123.92019653320312, 38.38383838383838, 9.090909090909092, datetime.datetime(2020, 12, 7, 12, 6, 38, 475814))
(123.87590026855469, 39.39393939393939, 9.090909090909092, datetime.datetime(2020, 12, 7, 12, 7, 39, 568493))
(123.82510375976562, 41.41414141414141, 9.090909090909092, datetime.datetime(2020, 12, 7, 12, 8, 40, 785186))
(123.9000015258789, 42.42424242424242, 9.090909090909092, datetime.datetime(2020, 12, 7, 12, 9, 41, 871097))
(123.93990325927734, 41.41414141414141, 9.090909090909092, datetime.datetime(2020, 12, 7, 12, 10, 42, 977377))
(123.94930267333984, 41.41414141414141, 9.090909090909092, datetime.datetime(2020, 12, 7, 12, 11, 43, 997515))
(123.91999816894531, 41.41414141414141, 9.090909090909092, datetime.datetime(2020, 12, 7, 12, 12, 44, 997586))
(123.96499633789062, 43.43434343434343, 10.1010101010101, datetime.datetime(2020, 12, 7, 12, 13, 46, 61322))
(123.92500305175781, 42.42424242424242, 11.11111111111111, datetime.datetime(2020, 12, 7, 12, 14, 47, 229201))
(123.9000015258789, 41.41414141414141, 12.121212121212121, datetime.datetime(2020, 12, 7, 12, 15, 48, 242982))
(123.91999816894531, 40.0, 12.0, datetime.datetime(2020, 12, 7, 12, 16, 49, 273437))
(123.94000244140625, 38.0, 13.0, datetime.datetime(2020, 12, 7, 12, 17, 50, 404057))
(123.95999908447266, 38.0, 13.0, datetime.datetime(2020, 12, 7, 12, 18, 51, 541603))
(123.9800033569336, 39.0, 11.0, datetime.datetime(2020, 12, 7, 12, 19, 52, 550878))
(123.94999694824219, 37.0, 11.0, datetime.datetime(2020, 12, 7, 12, 20, 53, 641547))
(124.04409790039062, 37.0, 10.0, datetime.datetime(2020, 12, 7, 12, 21, 54, 609557))
(124.0199966430664, 37.0, 11.0, datetime.datetime(2020, 12, 7, 12, 22, 55, 650758))
(124.05010223388672, 36.0, 11.0, datetime.datetime(2020, 12, 7, 12, 23, 56, 688456))
(124.0250015258789, 35.0, 11.0, datetime.datetime(2020, 12, 7, 12, 24, 57, 682689))
(124.0199966430664, 35.0, 11.0, datetime.datetime(2020, 12, 7, 12, 25, 59, 424677))
(124.08499908447266, 36.0, 11.0, datetime.datetime(2020, 12, 7, 12, 27, 0, 544688))
(124.12000274658203, 38.0, 11.0, datetime.datetime(2020, 12, 7, 12, 28, 1, 701259))
(124.18000030517578, 39.0, 11.0, datetime.datetime(2020, 12, 7, 12, 29, 2, 617918))
(124.15010070800781, 41.0, 12.0, datetime.datetime(2020, 12, 7, 12, 30, 3, 741069))
(124.15670013427734, 41.0, 11.0, datetime.datetime(2020, 12, 7, 12, 31, 4, 780864))
(124.08589935302734, 40.0, 11.0, datetime.datetime(2020, 12, 7, 12, 32, 5, 743218))
(124.1187973022461, 41.0, 11.0, datetime.datetime(2020, 12, 7, 12, 33, 6, 779077))
(124.12000274658203, 40.0, 9.0, datetime.datetime(2020, 12, 7, 12, 34, 7, 722214))
(124.12989807128906, 41.0, 8.0, datetime.datetime(2020, 12, 7, 12, 35, 8, 797453))
(124.12100219726562, 41.0, 8.0, datetime.datetime(2020, 12, 7, 12, 36, 9, 752244))
(124.20500183105469, 39.0, 9.0, datetime.datetime(2020, 12, 7, 12, 37, 10, 820487))
(124.19000244140625, 37.0, 9.0, datetime.datetime(2020, 12, 7, 12, 38, 11, 885055))
(124.18409729003906, 38.0, 8.0, datetime.datetime(2020, 12, 7, 12, 39, 12, 959530))
(124.20500183105469, 39.0, 8.0, datetime.datetime(2020, 12, 7, 12, 40, 14, 26487))
(124.18000030517578, 38.0, 9.0, datetime.datetime(2020, 12, 7, 12, 41, 15, 44769))
(124.15499877929688, 37.0, 10.0, datetime.datetime(2020, 12, 7, 12, 42, 16, 83465))
(124.07150268554688, 39.0, 8.0, datetime.datetime(2020, 12, 7, 12, 43, 17, 91963))
(124.14620208740234, 40.0, 8.0, datetime.datetime(2020, 12, 7, 12, 44, 18, 124424))
(124.22000122070312, 40.0, 8.0, datetime.datetime(2020, 12, 7, 12, 45, 19, 232641))
(124.24500274658203, 40.0, 8.0, datetime.datetime(2020, 12, 7, 12, 46, 20, 293284))
(124.22000122070312, 40.0, 8.0, datetime.datetime(2020, 12, 7, 12, 47, 21, 66986))
(124.22000122070312, 39.0, 8.0, datetime.datetime(2020, 12, 7, 12, 48, 22, 87963))
(124.2300033569336, 39.0, 8.0, datetime.datetime(2020, 12, 7, 12, 49, 23, 60452))
(124.22000122070312, 38.0, 8.0, datetime.datetime(2020, 12, 7, 12, 50, 24, 112699))
(124.2300033569336, 41.0, 8.0, datetime.datetime(2020, 12, 7, 12, 51, 25, 121840))
(124.16000366210938, 42.0, 7.0, datetime.datetime(2020, 12, 7, 12, 52, 26, 161356))
(124.14800262451172, 42.0, 7.0, datetime.datetime(2020, 12, 7, 12, 53, 27, 218604))
(124.17019653320312, 40.0, 8.0, datetime.datetime(2020, 12, 7, 12, 54, 28, 285950))
(124.13150024414062, 41.0, 8.0, datetime.datetime(2020, 12, 7, 12, 55, 29, 142018))
(124.13999938964844, 41.0, 8.0, datetime.datetime(2020, 12, 7, 12, 56, 30, 53484))
(124.14959716796875, 40.0, 8.0, datetime.datetime(2020, 12, 7, 12, 57, 31, 24020))
(124.125, 41.0, 6.0, datetime.datetime(2020, 12, 7, 12, 58, 32, 15678))
(124.0999984741211, 38.0, 6.0, datetime.datetime(2020, 12, 7, 12, 59, 33, 9985))
(124.05000305175781, 37.0, 8.0, datetime.datetime(2020, 12, 7, 13, 0, 34, 31903))
(124.05000305175781, 38.0, 8.0, datetime.datetime(2020, 12, 7, 13, 1, 35, 50134))
(123.99590301513672, 39.0, 8.0, datetime.datetime(2020, 12, 7, 13, 2, 36, 18414))
(123.95999908447266, 38.0, 8.0, datetime.datetime(2020, 12, 7, 13, 3, 37, 100050))
(123.95500183105469, 38.0, 8.0, datetime.datetime(2020, 12, 7, 13, 4, 38, 41923))
(123.91000366210938, 39.0, 9.0, datetime.datetime(2020, 12, 7, 13, 5, 39, 190238))
(123.88999938964844, 38.0, 9.0, datetime.datetime(2020, 12, 7, 13, 6, 40, 232709))
(123.87999725341797, 41.0, 9.0, datetime.datetime(2020, 12, 7, 13, 7, 41, 253881))
(123.91999816894531, 41.0, 9.0, datetime.datetime(2020, 12, 7, 13, 8, 42, 328408))
(123.95929718017578, 40.0, 9.0, datetime.datetime(2020, 12, 7, 13, 9, 43, 417030))
(123.93499755859375, 41.0, 8.0, datetime.datetime(2020, 12, 7, 13, 10, 44, 473481))
(123.9000015258789, 41.0, 6.0, datetime.datetime(2020, 12, 7, 13, 11, 45, 500345))
(123.9800033569336, 41.0, 7.0, datetime.datetime(2020, 12, 7, 13, 12, 46, 611442))
(124.01840209960938, 42.0, 6.0, datetime.datetime(2020, 12, 7, 13, 13, 47, 698607))
(123.9093017578125, 43.0, 6.0, datetime.datetime(2020, 12, 7, 13, 14, 48, 822582))
(123.87000274658203, 40.0, 7.0, datetime.datetime(2020, 12, 7, 13, 15, 49, 912568))
(123.88999938964844, 40.0, 7.0, datetime.datetime(2020, 12, 7, 13, 16, 51, 5003))
(123.89109802246094, 41.0, 7.0, datetime.datetime(2020, 12, 7, 13, 17, 52, 164384))
(123.9207992553711, 41.0, 7.0, datetime.datetime(2020, 12, 7, 13, 18, 53, 43663))
(123.87930297851562, 41.0, 7.0, datetime.datetime(2020, 12, 7, 13, 19, 54, 254900))
(123.88500213623047, 38.70967741935484, 7.526881720430108, datetime.datetime(2020, 12, 7, 13, 20, 55, 127955))
(123.87000274658203, 34.11764705882353, 9.411764705882353, datetime.datetime(2020, 12, 7, 13, 21, 55, 991774))
(123.84500122070312, 34.177215189873415, 11.39240506329114, datetime.datetime(2020, 12, 7, 13, 22, 56, 904194))
(123.8949966430664, 32.89473684210526, 13.157894736842104, datetime.datetime(2020, 12, 7, 13, 23, 57, 770478))
(123.88600158691406, 29.166666666666668, 12.5, datetime.datetime(2020, 12, 7, 13, 24, 58, 727267))
(123.93499755859375, 34.84848484848485, 13.636363636363637, datetime.datetime(2020, 12, 7, 13, 25, 59, 598465))
(123.88999938964844, 30.0, 15.0, datetime.datetime(2020, 12, 7, 13, 27, 0, 489009))
(123.88999938964844, 27.11864406779661, 15.254237288135593, datetime.datetime(2020, 12, 7, 13, 28, 1, 381743))
(123.9000015258789, 25.862068965517242, 13.793103448275861, datetime.datetime(2020, 12, 7, 13, 29, 2, 356685))
(123.84359741210938, 27.586206896551722, 13.793103448275861, datetime.datetime(2020, 12, 7, 13, 30, 3, 262643))
(123.86000061035156, 25.862068965517242, 15.517241379310345, datetime.datetime(2020, 12, 7, 13, 31, 4, 588128))
(123.93499755859375, 28.333333333333332, 16.666666666666668, datetime.datetime(2020, 12, 7, 13, 32, 5, 496417))
(123.95500183105469, 29.032258064516128, 17.741935483870968, datetime.datetime(2020, 12, 7, 13, 33, 6, 364874))
(123.8949966430664, 28.985507246376812, 18.840579710144926, datetime.datetime(2020, 12, 7, 13, 34, 7, 78472))
(123.88999938964844, 33.80281690140845, 18.309859154929576, datetime.datetime(2020, 12, 7, 13, 35, 8, 9985))
(123.75990295410156, 34.72222222222222, 18.055555555555557, datetime.datetime(2020, 12, 7, 13, 36, 8, 974123))
(123.69999694824219, 36.231884057971016, 17.391304347826086, datetime.datetime(2020, 12, 7, 13, 37, 10, 24834))
(123.5199966430664, 36.61971830985915, 15.492957746478874, datetime.datetime(2020, 12, 7, 13, 38, 11, 26991))
(123.64990234375, 34.24657534246575, 12.32876712328767, datetime.datetime(2020, 12, 7, 13, 39, 11, 901762))
(123.66000366210938, 32.87671232876713, 15.068493150684931, datetime.datetime(2020, 12, 7, 13, 40, 12, 831580))
(123.66000366210938, 35.294117647058826, 13.235294117647058, datetime.datetime(2020, 12, 7, 13, 41, 13, 710158))
(123.56999969482422, 33.80281690140845, 12.67605633802817, datetime.datetime(2020, 12, 7, 13, 42, 14, 643919))
(123.55439758300781, 35.2112676056338, 11.267605633802816, datetime.datetime(2020, 12, 7, 13, 43, 15, 734293))
(123.5, 35.2112676056338, 12.67605633802817, datetime.datetime(2020, 12, 7, 13, 44, 16, 655993))
Traceback (most recent call last):
  File "FP_TweetMiner_AAPL.py", line 180, in <module>
    main()
  File "FP_TweetMiner_AAPL.py", line 131, in main
    shareprice = si.get_live_price("AAPL")
  File "/Users/adamkratch/opt/anaconda3/lib/python3.8/site-packages/yahoo_fin/stock_info.py", line 471, in get_live_price
    df = get_data(ticker, end_date = pd.Timestamp.today() + pd.DateOffset(10))
  File "/Users/adamkratch/opt/anaconda3/lib/python3.8/site-packages/yahoo_fin/stock_info.py", line 79, in get_data
    raise AssertionError(resp.json())
  File "/Users/adamkratch/opt/anaconda3/lib/python3.8/site-packages/requests/models.py", line 898, in json
    return complexjson.loads(self.text, **kwargs)
  File "/Users/adamkratch/opt/anaconda3/lib/python3.8/json/__init__.py", line 357, in loads
    return _default_decoder.decode(s)
  File "/Users/adamkratch/opt/anaconda3/lib/python3.8/json/decoder.py", line 337, in decode
    obj, end = self.raw_decode(s, idx=_w(s, 0).end())
  File "/Users/adamkratch/opt/anaconda3/lib/python3.8/json/decoder.py", line 355, in raw_decode
    raise JSONDecodeError("Expecting value", s, err.value) from None
json.decoder.JSONDecodeError: Expecting value: line 1 column 1 (char 0)
(base) adamkratch@MacBook-Pro ArtsNCrafts % 
